997 496923721132
95764099562 420168748
98578833029 369619659
239965137746 679157528
137505626855 641206304
161255478736 994564873
140721402751 939095475
96571499517 196625944
50905803271 610109025
97628454458 267933098
12281883435 554691209
171229926192 370522223
196621269498 366157910
161686671709 729667896
169304455654 489467071
231896055601 415171884
113194450463 693735176
212683563700 59799471
221820754788 802246171
41448594907 326280987
8976058754 515543117
209511084508 485080745
53455772943 86991858
76526323568 759215946
39531445334 796723194
99786735484 193419335
19380626985 309981677
246875169493 977612406
218620464749 262815072
203216331000 71823817
5035574096 317573395
36897029103 77788318
202369007340 355013040
165303443272 184841761
232952933226 777890997
36742355479 319848080
14630771973 602487240
238265654716 247915042
16659259523 577797348
22583660245 756359368
242178401123 677070122
20753399207 288048654
152302276782 576351990
105065055875 362701214
161783959746 570670458
6279622371 83200838
155220456436 52964373
103998948049 712277872
232007897515 625512516
110543591824 290725010
180623629021 143558066
174819606337 512747354
137658578360 83258673
224121300436 389149670
122310061403 536141167
221637917567 952518068
80715525057 547951771
43599388957 929063198
152755376438 980778740
137558282050 113299618
210224977464 539835929
80050194485 411893575
100138751232 273234521
113696495221 674120153
244830918625 32589487
113002275635 13875692
195824003528 371867575
231937917538 171923932
131394957294 689142182
119731042644 717210936
228405314882 302858954
196038303990 620923461
125942520619 17702157
71273497149 442466489
32459104341 747114002
130918771882 748246719
76137046087 404359588
69648975264 598564705
226131023168 116615734
225278533374 704808037
137358163875 199039624
204027072465 906478672
98611062431 724131361
182668660147 275971055
48698784637 841952055
179360241223 350441769
190001265234 695875092
18483709487 782858402
113323337230 795882913
192852861963 468953178
6201236299 246644385
215450822839 318081124
108078622054 96294274
56116597948 547365705
3181966041 936989911
179674009810 390523103
177749899521 220546565
166140349413 286342940
148622389032 339823026
3476000120 757436332
114468733530 332314011
224867141342 514671686
98468161662 519447971
221586267720 104782506
85869058063 999105362
117109348586 692063341
186044048669 473950533
208035325097 733601176
120441632959 656609712
11480639233 94061663
175014598400 142825838
13728391614 577735179
86822055804 821214514
193804594066 381960865
142796285276 618772477
21383551800 482868425
97466606434 671769690
133625608198 350314318
60998551511 626358813
125845265615 334407451
68066567535 739120435
86550791943 460692008
230601086765 695347372
89038476730 897548277
129150463384 234900229
62340296079 665945218
87425394510 98889770
201857062151 115830181
117712555162 384511576
202182170402 287562805
74505844312 983566194
152218536705 25019124
235903535458 653850424
41013599850 466558204
122614270440 916142039
57549526778 857371652
156964499099 15579795
217536509871 722893586
231952810667 537941246
9735597346 177894119
49921318438 474851711
171907112167 762884692
166539669430 615935193
46653793541 207951069
14780350050 928355787
118111526916 74492190
156399172254 11913421
73234593055 24169614
74839730547 279078495
156927666826 895555286
227000443279 432909414
7836070446 116079516
119787698624 31791062
144269495451 880312905
22567017009 805784437
115617895065 416203622
30535990476 712081767
1490974669 984539334
147882784458 62265108
24211529882 21534084
108277101460 760222475
118919983706 619786455
235209377648 418872608
164445908669 889309145
59163978187 619140448
62966258572 107301220
85179211522 502964421
112074164850 906584712
92323221002 483689556
145988390899 873655262
173868560135 272936520
52329427585 24171406
224880368220 247478875
47873571192 565071558
202565034757 317624599
106758689791 788712039
205665090432 459136707
59976835430 664443908
242160552983 493970279
207013295940 742765073
6263340177 627584806
156642927777 924035255
102410084402 80778847
148690133554 842046355
244016539224 330146560
185588503272 302248641
81321856442 607317691
203063542540 518116014
7554079139 529710515
112917957832 688462739
120028416439 30016970
97084783025 512504356
144460523031 959579228
192389352288 171889528
68760121338 233802134
191048814412 446560084
84387783006 847758203
235048469145 776906675
150270377735 318179721
121009633707 145704171
126558037572 742077168
62288482815 213603214
172399882259 806592423
68251970322 585355137
122907902069 109698343
134349414393 1387418
174105282927 8952363
187559097703 432954165
212217392899 466760936
134539939055 865967050
17541230229 279962688
6222568037 373410205
14594405971 898511006
103621522858 937286162
130786247324 822090442
86462214999 985685430
138483064420 37992235
178229171476 35734768
30412689641 324784243
221275823434 766668456
33592817727 962187988
171289085688 912661198
238623545547 425499956
87937720560 754682953
8689526564 295358881
17283480952 428360391
213758382870 848328650
55285553374 839803187
133301148545 52671773
156961069372 602184657
222042347045 205222467
119262453652 631667290
133558243941 568663871
224129410497 940193581
90235965321 717316021
151348822994 769536157
178890932685 255177254
16531724373 544405593
183454016397 700626240
89044195079 312139552
100995080846 111618688
176834092145 365625915
207729018089 679957134
242875250864 875499549
981523861 607579231
165325715903 421704736
130337422687 235068319
177329620943 540541838
223284876383 197365735
239081231298 601249828
138834014074 197514779
78788248483 549352464
188688282308 872211977
119021542018 287383831
105042689844 526259304
229156675004 770937807
38876573156 478779155
96326507372 290395908
153520042767 198397019
49784686324 181645959
58255421376 851850321
42982672012 198889265
61572819835 933618243
238592955236 491396087
37583027256 426815328
191478156561 572687402
123053864536 926300243
194002162339 708268679
168232106226 563920369
226782469519 473277463
150790141474 542362578
96701964161 648581195
144424648679 570534212
105425916819 669403091
140714960337 146968933
110694868960 948059305
23450122091 766057467
12064630413 100037612
7964584536 397454274
224250127344 265509757
160601487962 491881549
193694163966 160767113
185988986602 743445661
133377696762 657893471
37976419245 219225697
139985867070 821744704
81826447317 500435094
124044591900 429377319
3826982802 161584060
133066750394 211006952
113854962456 103647994
7471430188 427344250
156767270821 373011905
58709329968 980054590
164824405474 173020768
203914670751 242852422
52495934716 702617856
181131921404 528754569
170858679584 607986707
239704994363 22219460
79973031646 434551606
87708225759 624451731
89075715838 577131936
164687142148 410231702
226655335354 350967249
59799835371 553587441
193637419097 55190387
914967898 280378556
208126218919 44052168
141308296037 109081223
51206885135 325681944
95395949578 826525909
44800685703 431456048
23565125702 937396395
71376748762 211754074
156361157318 425797966
184813024387 525372792
198089238365 447387891
41381966502 259779148
128534479661 317883579
25509929743 721522129
234014870701 819393446
224095089095 436304346
86765999131 592386701
186016061586 232247138
147295698685 301908462
214894223769 538799892
172090071159 328697303
219650874132 797597417
121329719915 480552470
215564885302 368227087
218935594461 994241272
217049836264 281024025
130620367946 30270133
62830478230 341119089
76298297132 594909877
154513830883 186986928
107565423955 661881850
70885895118 134450843
198659393761 978582180
190836112303 411421787
216720131973 441974361
157780774577 370648618
40033718758 747326449
224821958885 551219640
217137658241 405366127
154065656696 209518013
86460251480 386698868
235018490936 270353556
129257648639 114824050
182802439155 701167537
217767255427 948716533
15189566227 514160399
90837327694 396801339
68079223869 225334716
11463032344 959407125
216382969111 722510950
48826237013 459454395
181351332788 226718227
84454674498 951367481
78866817876 599278856
203586253818 325605657
154138840903 978036087
47675213402 594332228
218094754620 743045221
29588992811 778688154
191732721035 258078958
102636036075 107447552
83079911469 204412853
187706134203 593827181
161989404184 115087758
56351282831 696762249
45545198531 318422769
201875364424 585898359
209760442893 547533702
195259973077 913126890
30380981696 908857401
52425148275 263603934
192236008110 911902793
20068016774 712428205
178178110684 901420649
36375568931 597110907
22963225973 869863150
237721961567 452753615
245492614834 810130090
231999102831 606811578
224272939404 775390813
98169880939 14268948
115984078987 550812406
81859431096 576179513
55662830791 48246623
139402193762 91320037
55931136218 618492577
74723542848 916310646
213552387095 131369882
146236301463 598533044
76665878765 436525743
137436369638 296496312
234315625673 906901676
117720008612 230928545
154300467098 232692670
246632236823 313963192
127994527226 603935780
153868316724 637134398
32091766067 465251208
248363152734 180533630
246188594082 965864871
62802057318 516879016
101126901144 284782942
132010666375 108671777
230963206884 254797391
83605949343 106538149
132485323526 762090107
15121898259 999357296
77422225848 822497539
200530641280 810901565
46440115425 446271944
43559307870 486048525
183865665486 660858066
206084021659 464336114
140049161624 244958241
200357901249 659338452
211338929614 791621202
70933630935 235843179
143712338855 143386749
63795810775 684404925
131885157948 151820356
142545965072 64443942
86420103961 780779592
58326385858 832194122
213467698190 596491641
141792071422 396824567
216793594839 99334964
157884317384 946969730
236424184743 725534453
71556145620 638124496
70322603719 339343856
130652418297 766631331
9514116050 282492140
132423823845 647476308
110721167113 946712039
192569276868 565383848
35535421000 331335859
124448224443 986813368
147493753690 333065578
236375262681 994792820
7173448872 945103390
148093988713 269784559
150022773329 624457862
59493849532 222010714
147027419732 823620754
173887950125 230690186
242883901716 192578564
59422495640 151962423
33570581494 689440397
113686025440 829145464
174082553001 11483839
218680168089 141617481
231686976490 70527006
56744811448 247175272
102549934042 354845962
89166465248 81492321
233249810523 827815832
225114933234 599251705
207149516407 983682867
205129856154 73330583
113947019563 867321247
201254013262 651272459
116941710772 220873001
75298729783 918798490
156072026042 716799061
202555657544 316662950
155413677071 339541293
111967846841 945100450
151611856306 850747131
197707228933 873793998
6648740258 266011769
53566737971 256268416
199189532600 558206335
56386581925 258736050
169706360792 886970596
140134210140 663799508
91353771603 998118809
146383320687 645960206
154083842013 435526520
143937377194 660479680
58001706610 8748429
84050818631 782439430
15887912284 11672445
202259796965 16168957
29880564661 844777361
174384159601 751736955
185102750332 789469483
128187770430 757381781
157174774554 174545617
148288200905 517453088
157567480647 709548979
50850776764 710031250
37894265932 504851802
218433482793 639679155
152485428545 131929063
162621696318 212116243
99816529805 857279867
118935142265 978860864
34775496033 293712505
133294176878 496785004
104924775387 440612371
49817662753 201207697
132184287625 989283809
13186267884 334736035
32741029469 573925688
135798632854 436689580
130324377257 105911684
86794724042 989352279
156755314647 957528395
89486141253 23204556
201275680400 415439543
176375318220 214865886
77140224499 423931235
128633627953 841547669
240998955555 644026294
125183399827 805320916
150925063917 147849063
21276581013 213380616
30914594547 470715216
134306599338 169995178
106197953120 664428235
229340497536 707801195
18747618445 326260039
138183247885 515197692
165212525187 342347048
224873841217 634661421
237050512443 758100198
241750156321 242858557
44157139800 56709907
108204206792 759883316
9920387305 177691302
47849825221 491418010
236967891154 452832459
236350465854 290521757
160288815 11295341
37279948081 629167774
42641730894 561444285
41466396127 394219978
177385148351 517095775
127934722142 414223212
12308283935 242806098
174114352186 617131810
234654999874 797484195
162832923419 56483132
44967476787 85187883
204896406080 149951046
170226443986 172433144
192683521014 774421579
81510063625 258450452
181683015614 441035763
167646124434 142598546
205605925104 715307848
68918404833 639652033
38250978457 501590716
247796837807 227317826
216159861800 63526626
216153932143 459857953
155098788899 307608890
97986355935 637688790
168847859204 437273622
157491981871 540067033
77003556440 30061475
40076039166 138604948
165578742072 469034917
170370403888 553916870
205733687409 380205005
200820813668 307788117
18403584314 906787718
140926062879 93712026
179443175612 540712067
213322376884 261708557
28763213781 118906589
182168856253 899501143
131451722953 646377373
162849772820 260386375
204622477139 221463213
179195218121 362896708
178553011772 508884500
182888162728 55973012
57457113840 663042428
183759527412 180268385
156698656717 547740730
112507005867 181150695
191923580 471341380
105321203668 261786094
194081431508 174379805
56168380220 973192666
61859740634 14856856
94288676635 28853824
171579208640 299018443
187598407888 721315802
45248845967 340936846
166739932276 556727685
229942338987 267016875
176829290438 871552643
50259102557 120449618
7014114447 660249392
177486837658 610795170
139554834876 334844613
183947265768 825279954
41886769974 845121224
57870766379 710017182
75325999678 932601880
3478138945 73684990
103691551090 123452876
3231315837 229059118
143708582983 368519045
142008515108 904488445
94070702733 908140547
63887301097 943654375
223000921119 856865593
129952058574 208660737
174848714111 515787548
136246081584 343425354
6410970132 457109993
42000741715 631712248
240317839892 837632641
165603932484 252845297
225304947255 479911233
234110511257 56795436
140804567435 883959989
28976015791 365988228
42779401920 214471671
1474313955 797876375
4274135000 908013958
199241646534 510093670
227288947814 151503972
117513097213 472258097
7220344444 873095560
60935746633 191407427
127185708271 356124976
208153435809 920165766
44740961677 565117447
49764612107 901104148
202788394990 389594963
49276603986 292155215
120107923698 67851843
129149313336 723896117
217415971677 820267924
68287576757 807336997
210170587611 833550692
54945500314 283450779
98600022459 795876075
37516263882 274395323
219425066735 984566386
106333180398 160680011
190036941030 76504910
126600657095 739528768
186377429061 772388792
214734069133 672981462
16750830031 862228355
23285827717 617429698
215379829333 893094907
142756582384 215748044
214264976612 706204198
102682290326 215457685
83120473455 738101420
166330850384 54057985
194197770104 699186666
57429727934 3835162
7334421725 152361347
57556157631 533445123
242476935452 963880973
38445850360 295795456
66581452219 810524088
74892042056 952821474
227151195435 121447060
161876769355 181526339
246945940279 488027629
230689762521 553420840
95006576422 237533174
248069707855 120608380
217568381108 326864193
171451567028 865615410
145727072593 341270578
166713826618 300996338
41038785483 93090109
245087155368 168676494
20458573921 532704855
159381038953 279170651
39146687 144300481
215015070365 258233755
119950787249 568030906
128336400924 317760049
107884320216 196583368
41599725519 859465537
9246575451 187501145
25978769427 22425024
29041808265 154977692
132864619488 89531121
56388965120 715575688
217636529558 210596977
171755915999 758223744
16218475095 282257427
217060226541 395597598
45315465730 187070311
6397726650 280268169
87740749252 301693794
162913360883 367424193
14444704581 430004253
116888788946 844003717
171401323915 899722707
182684968836 174249995
167714726614 955326833
33815517669 974819037
27309868507 418646134
220459386615 391446801
227448857242 877236031
68095155702 453443028
117691004400 134319668
132683323780 508787754
35527875894 615461059
208289600848 588851800
102935950180 743118921
28579122048 879138703
32673343234 811691004
14826518052 703118586
212248891510 517359193
88634405125 198394665
62387529484 706210539
190281936732 924975600
133068286862 724209009
38950086534 177030519
244482495438 475259775
86768921760 289850866
4745972309 645197155
64386691230 293415569
76346334570 555308172
87579099454 81865850
30553342492 685270779
178424067323 12702601
59489374716 63110185
104229669652 134911866
54063058993 284299524
25092367348 886183691
240455922691 337025816
171516661894 920545195
15609525735 228120485
236743872974 454120764
172865646144 160324590
55236810598 680827622
99687037666 505954119
9008608567 892746354
146504553452 692317030
22279925543 639622603
76488642368 917118779
165434921975 737091948
65777956370 885345337
93632991315 249692154
16322741903 425563419
164855221500 83975179
51519185377 959466047
53266881916 346861438
207694782504 527809722
187667280909 334810789
37859981050 569721114
141781058463 10957886
246226194030 266194892
108679460380 994389935
57557583802 250048057
233776766063 724989056
232710254987 502718714
201097047096 795044701
74127338221 897699632
178234819680 289027125
74481988253 319820477
111561762849 139415110
54743212666 447129717
126390752425 220835802
6375539998 939834616
73529976201 3861465
14148360205 553990577
224812561928 281046365
105943791897 64305582
2045515951 676318728
89736221577 925707429
107721939789 454961664
44645330912 416265133
235240617224 138595748
16101856455 201843646
127529470254 67500720
69374004566 301096223
87375211930 420242824
216989678970 321762706
41685259668 282616893
29509170898 332766687
104407757314 719049929
111878088839 644308687
99402394596 573963834
139904985189 831765165
200552189646 710676418
95307854722 410556410
108212664746 885217521
107499643793 671895824
237799363087 116234605
201175407801 932983580
243030329315 393644089
218766744052 821137618
43138190801 199850024
93270282227 6479943
96166304217 407753571
151852005611 331459194
189859299993 307539511
130245523056 174383860
241428194528 444735889
236899174214 209528617
63377952062 429297305
152895351517 701092882
83361615591 839741447
111264910825 350581391
190768071988 255461050
232706122588 24323119
204728787004 811261587
118317618947 396504097
191357108329 393783335
219379561227 328078250
231669995812 564474762
25189754093 192378567
230316006066 557604159
197484432768 24013008
155249395104 708070653
39142829865 706785242
221219448801 703378533
108835461252 76655559
57405922220 842596118
43459707869 79371585
155734583351 930522670
76169594508 329342055
18534394208 849791130
190760620623 65966534
196862524133 223466080
66738530101 919359169
214053481874 742838916
165773349039 347658441
68427826589 164482959
148821152349 474421678
197181050143 358683279
153058543707 783065473
229869928973 9688569
35200061051 110061841
214268946812 914263904
96796868750 549599533
142040992075 73142692
107214412354 407860608
198679341442 780623651
28887815578 980614011
130551491872 665022432
223107644391 295133054
13904500458 308607041
128103266391 918251155
184889557518 453555176
60060614146 671792377
190794674995 534007944
238277150863 180597618
70344831641 742593420
113435637254 537787567
209127281623 582640471
65089678520 954619773
192295153225 978337625
174990520297 965939655
47749216361 191355654
77425898465 807678600
178009676462 103243261
227404759493 498482295
24891446437 115751721
65842174863 508944923
187779443330 639544075
196739822185 129070019
135749212519 988701108
103656149561 811173291
101038802305 636820334
239711471331 755296200
139456679176 909036423
189204385956 659435462
4553642455 362103883
45110600119 47882556
156925336676 495098615
18404246853 625335112
158676064667 61874975
155759687664 194759721
58844068390 913991567
13459626819 958474149
229770794600 642360412
240082396176 552542990
146918634105 334499948
123628483156 392378939
13691859774 250085723
23984907263 953417041
16200048672 640173526
221615459775 392116681
150142755826 384790246
122441749614 578005959
33797614726 649150838
41293074769 462981036
230419869035 859599794
140471963504 61394544
205706633172 657555946
84912486029 121982941
223068630236 619841650
225964522921 297868846
118833892670 785660034
72357267596 855162350
8144292228 787704321
21662952594 484432765
140500043141 631018721
8290436167 762265274
115509579404 383870681
215032961352 558275251
154658261618 544240526
164658674160 67445621
67357302547 57285720
23499267255 325936469
245202718668 451098142
72725766961 889540446
159505277345 4524841
236792648272 9559829
200369995251 381474296
70465339042 309793501
130032897389 137157130
51693511338 416675340
203376003984 467143413
10633275030 183697089
53897222218 779968170
165007814865 317657919
207468369434 52272748
188304078242 899746194
32257208846 853069516
151136767966 204101666
46445237981 515645858
128926041762 891552461
47276880071 610152338
226128521687 727208733
204489926094 610693009
612181251 156804180
68479981611 842243686
76774338948 319405132
69692554888 816130832
84211798912 397973907
39965893229 770878631
58509339840 741341109
116525659493 729088690
17235242409 636148469
75770277177 792822123
211777540657 410801609
111478695125 19993856
133942430894 285620377
101200690720 625302008
7315695000 791633047
21056271447 958415701
243115081833 659004342
46598557543 752135841
71751425200 399171743
77686431212 475486034
208287747480 57464890
67579245162 219527981
167822861001 717885043
144698878935 429451488
126301158849 219566768
271988150 752856253
168830925564 302226737
82772549340 191251952
77238565568 513326571
44536747560 607553758
245563642916 44263602
22814074450 8927174
216063655618 863181355
150963038572 94213269
62159464784 922212527
114071119748 878883597
16714662758 909590649
176079770287 1080083
45713407265 384670782
15216594555 93352500
84976941849 924360331
143243476984 770123199
99789510075 601257324
53106505237 707312655
37563085814 656303982
73296324189 183719246
39573496357 402071081
144807310203 996651050
99687759634 354810866
187525908004 121984254
49637445675 2226
111594711300 526493401
106182933616 894392352
93665191845 978762856
196533812362 567085814
168881732852 54788942
5157102529 471704940
136875101052 78403180
196198931151 972001555
