995 117302254366
9530110705 272988514
41634816408 91900915
20783203074 155740739
19646903979 64880495
40811042730 68408716
44669101034 261731851
47589454717 213943904
40902180381 19084708
10445982213 255651695
17291149718 149329590
47938013843 45455274
10015359873 273318154
18542930752 80837821
54007972059 55914803
4944254388 23518088
38615151619 166751741
37100059537 242131022
19229415631 106067305
57353456222 242900737
10812856837 290895757
56473818406 19774288
22006264426 39826626
17641094149 13784721
24896965400 181455890
36925030089 62852285
11711716344 201350129
36292943303 159031927
16246353684 263616806
16677367391 53956295
34876516099 289381714
52251016496 116602352
47034962042 278398794
9904709264 98888975
25031482637 289078287
29365234464 303033289
52886235694 205186553
13104568253 266461979
42386822205 247040964
21541885474 188768360
17132559115 212498840
28934370728 286994502
2869765572 228204280
51699812003 91380101
27356539229 51105901
36182763356 295269123
34488077394 204546540
38883668119 145179753
41865497092 214798229
17935770925 258877131
9796185824 143774356
38432661901 168308995
36552327016 36992815
7291368325 38099258
43945618766 104988
16387854479 146653528
3782190714 56990893
22930139147 243348297
8330914269 15789477
47968207060 231748511
56264696178 162799542
22208640075 240381556
31252706786 62719548
30886608389 40442513
57179987222 167372529
25505899267 47554014
17218465216 185972540
33541766792 287089374
9497412254 239423571
12667499928 136439332
45296080120 180558549
13847454563 95568353
55192952694 127563587
55251873143 164111897
58530842781 120427816
41324526168 96435262
8967739026 45753670
44947024156 77956215
53952195929 120254800
52215403620 245563886
11436392971 232117136
18303877470 169262054
13521944208 126506770
49255926437 171511963
39125477165 216131970
14155647733 267533177
4662892179 41501201
14590933134 10437861
37285790542 238010233
1776075484 13763157
22665915803 294178069
5397342261 146682095
19713073999 168569714
52746088943 167495129
38198537968 197234757
33639967698 311175771
38287844131 15699373
22499983406 111792879
10439932065 219225734
7340309473 101376032
18757667755 244588642
42309546180 290118362
1768812490 229786317
1302914339 37480061
33408820220 299069624
21401065327 100609052
332156535 164255800
52761218231 168163129
20256605491 274446281
43699849216 119001391
20651428781 116471233
5487723409 112239413
24686534957 27266143
33626215160 119304556
19693510461 236693345
5018566144 99549568
58280486742 154952451
10190458894 303522241
53383122894 180049625
28098759054 194584725
51401722538 125972496
19099799022 28521940
42782447662 295584065
53456271713 38525763
48163374582 171398930
8333023159 50059676
8576776816 46537903
31007598510 146341772
53542692997 123079196
34614680893 294579501
31317214198 81068332
26185238126 40871268
9050227064 66900239
50888521074 119426385
23816986605 277461255
31167366239 173341125
55328450169 44940654
31006706724 188758999
44610447591 14150388
19079289152 172164965
24434709202 196767667
38969952553 138900933
54210090383 153782050
37826563460 290524963
20257501832 161934779
36096962195 235439848
15721565569 182898172
47420386777 213303439
7404994538 155978516
38163301097 27388634
45778574520 189335028
503825810 216538504
6481840281 299100696
27346348598 342382613
57234939779 344124581
41297534055 66970449
54558642150 299153909
4127637454 97902966
23485671418 261565830
28056887858 76430049
40360221671 164056180
14486892293 216858776
48285344368 330625933
4738032903 75670018
43020465206 319934024
50907383503 175608400
55584643133 254284404
43105814322 299131357
50243919260 227368696
42864964338 299533727
57333183221 50218479
31133579230 352555114
5311143538 301546118
49023424097 60100687
47920685524 270507235
28951957459 66753857
41143633892 354921861
2961423423 93717187
44052094395 347056431
17302977458 308321122
28017067416 58600123
32764015442 298778246
7388387530 108316413
31606071888 303683006
34013770304 325905216
53356736574 207899367
1230084146 328512060
34043984277 267116648
56717336314 266376662
5114900224 345523273
17448608235 335144894
47078652697 126362154
37001423873 100110831
36289978631 198862529
43499830145 250099163
34209696425 169435802
54095906382 365305506
36103090316 214735331
40677490869 109796345
14981673168 72610713
14113882182 323705043
46578528073 280521538
57382240062 85272577
41903555137 124721738
994398133 210118777
19956339818 167999793
17395942030 143135832
32576749001 229464094
52376349686 155388687
24884473896 344253264
7697931277 195108785
36060451924 292578003
23150268425 358444216
18385096350 133744936
22496181694 295853639
26258519887 143235536
39019140121 210733774
54866651187 334871758
51536158232 11628607
23967904478 365259692
20748109079 181927813
44214175155 188682238
50837482778 163714366
12093797608 103253591
23086337459 162802684
3572430688 346480237
8920429433 161944934
13625923896 253998512
48516704854 219949337
13762557450 321991302
53505069135 127678232
2465333130 92358752
46691014016 263639721
3803988231 320061743
5720069800 231526431
44745613198 64961212
9182196818 25345143
8667576457 368553291
57614675476 6778998
33710787034 235575897
22811729596 130812855
52998146690 345671248
5700023358 308816741
22459606218 201490130
51987436012 50948710
7314869644 11322726
52604313837 70131672
2874560901 151406217
39029860109 254977032
5473031132 261507482
57550713406 42412498
4421548702 5477884
12507921381 248000933
20801609280 163245014
40196771306 369216047
4594338348 369118446
41150710915 220258066
5579346007 118865947
20375330633 352571500
7360131465 172432735
42161417660 190025285
15924349168 353836004
5395436211 222238753
15191680051 124276987
282161870 30531908
9886687059 52302877
27238867494 395250759
58513584531 41876563
53153337792 274122334
28046895354 123029614
56493719088 16389831
5127253014 306241865
55409470016 397454911
6277762366 399165615
8621441765 128169149
17537982485 297486409
28954687992 161806974
19886928397 370178597
3364569891 263534903
36793945327 102793182
47965894494 269697281
38645744470 362740723
5253781862 207761625
1233571314 342814701
54013462565 6502255
38277886617 405688509
18648640981 4101066
8318774189 113365597
4757182736 317215390
7333030504 187509230
42261777155 378225934
4650082235 363500128
17469910990 58065853
58102927954 362475681
22716960771 59699817
52109161073 354926978
28828410929 145097395
26855027013 222407515
16532483533 22641018
9838888492 208970836
19377524077 353847999
22453208072 259216117
22590868209 77798592
38676824631 391449726
56025553269 360447671
53784028738 342495312
36418518406 248014392
18150706305 223096723
52487340570 239950689
8911740622 243679647
41654467378 53709043
39359476597 418201939
14489228397 416504494
41041486649 334342586
49059471480 400084137
7854821803 116867308
11524015746 85925397
10326575826 354933075
54901177223 341594467
23242108770 320168046
6862445625 9389255
26518429896 301887374
49623242555 280908408
40138010583 142991303
55847696787 69400224
19890203896 210988488
51220830644 362492673
53098247888 426191213
4634173080 427126846
48956692881 404356239
3774253742 123232670
33137519166 381453424
56543227311 99238649
12701923369 78033798
5815251383 53204656
33578672829 321377524
2657520916 404994548
17505655205 368064733
57091682194 98284561
6437668266 92434454
47362057671 203118874
5790598086 250210638
13290540036 316640183
19917063463 173891919
34590316597 403616060
17975447083 61711058
23426659225 78238569
49845194374 79144242
27670425109 398629898
15550307646 255720779
43591246891 97979668
2239967774 308860341
29789050212 40730410
44168626083 372712943
14599677134 7568219
42021341123 316752393
34254352054 337880262
44420667777 379423495
26596270833 303283452
12241712268 433397620
6251136011 196923607
35292424010 128539907
32946482874 121067621
315152292 39779411
26448102298 44156589
23010426050 323535964
12067876045 24129511
17325065870 169375500
24825801170 106160139
41023182304 6496225
43444019350 373108446
46894840104 2332954
22046789510 300339086
44785757200 260399787
44122009660 256446942
52248622612 251080107
2011485988 124884595
30791187585 196600503
27751636026 362248
44833849993 448749262
589620678 65659913
43477697295 453102399
45391049978 302758379
9234703453 249246391
11396028889 340317667
14177760717 224515285
49611759173 28378541
28701352499 246104806
49421696935 369945175
48248956514 420119587
43383195241 393845377
29475334467 233485036
19518719342 230204165
6576090189 154985185
676781395 475877257
39112961872 74142067
32600023510 58814632
54765742878 122998464
41982243697 255688860
4595505581 411336101
26086211461 370495591
43078073603 36799740
6217860465 391627923
6112024303 454397171
39005278367 252744483
2728993561 134688089
41555052367 271658076
24675296590 109230159
26805962393 205443799
1730465067 402040351
17547362188 454926583
58176840566 51901678
18068949316 384626142
53700997528 475121149
46449220263 278830985
34214796717 27057282
18106414511 41441587
45580465702 12310437
22804493354 467411263
58213010398 143320915
2725667757 343244981
30117910720 458848711
30071339260 256600563
13282700814 249386516
20871481094 32952554
52655075247 357732716
36117335664 239019801
7601665187 43381718
30578649500 212461732
57232713431 461873276
15293983404 158868224
15771349421 257656871
29874336679 450355210
42050516012 471383285
34260866411 358798264
12927237300 373986085
46982797469 63142685
26739291569 379420868
4457587206 154999126
3332956374 380222913
18091220985 177627833
50854908449 235413814
38567263775 165270411
29445070677 433906894
49207647140 292070486
46967475846 506768210
49408982447 63598574
14798515183 315577223
10071147231 140196532
1642391692 320082611
57612253932 335135673
33090980295 222909135
25766977485 478141681
47251134887 385280208
48986971656 442335395
9790165163 338304656
18469073524 76699912
2483747025 257167866
26011645024 317449864
22876885888 327753602
52999143841 55329359
32782918888 503904971
19636139664 10026369
28237348338 501651269
41012935784 394311872
31449232519 233605031
30620463435 99455988
58624581740 248566404
7922839125 385989757
45923984498 244486607
30488551850 292166810
7751256783 198035303
45673117424 332150020
266138234 278000171
14443837709 378929085
26126375394 323505264
19541313293 206233483
18226300354 520979889
20222839147 401969106
17282714414 37535371
21661542252 281288095
14985260670 10772275
34702623986 160471903
657508650 158959744
34310844552 134421038
4052363891 300829631
41318128766 448855807
15153464713 471034917
6766430926 166099844
19975984242 71106271
37065418916 358733573
9385178777 446023580
58420734450 302414656
18900567676 454212355
46106204707 157053917
47746438406 64683740
32314394182 120391166
44797686000 8894516
24719425321 467635992
32054642327 130192623
48343668571 121389279
56002844891 453928332
18409405356 534995331
37479601866 269290959
18802120922 330696147
16212021769 226942173
23592462442 2142890
40499169942 333065776
58610291602 427774010
52378603641 258414350
16751105520 313349852
57077796918 571695639
58537570025 161483598
33352849795 513467150
33488187427 311550975
39348238566 229036821
19604145528 131364322
50543284327 57740265
52729113991 31210745
38840025821 434434896
6051791232 278220296
45935098633 82416881
33100345302 264813890
11464873709 476555398
13785658352 260489302
24362395099 527467718
4598425165 236652024
4892934145 281144419
10058853563 136106009
2621529805 110871704
6853471816 496118182
32497071440 214530582
21050551105 498072637
2982204491 328336531
11153476431 225412025
42414335586 410582555
25876250493 413990968
37068876629 554815594
57447128417 376984320
15538483932 71968814
1011808537 102922635
46543651607 111067103
22585839164 158073440
24917597967 490026284
28021154707 352125651
28617625313 626437381
57304733124 56301720
36758790865 381874012
11606537372 493681223
46644720213 99712847
28666205279 146493375
52683257524 234574871
51270790499 334081479
5703733011 275835898
55041583030 125617641
46028065908 462835190
52184616534 547863174
35529437771 146462507
31094872319 457402159
5779615092 1273123
24766465248 510063864
22560116082 290185275
41850839751 452904507
27470095234 51451362
56217053266 279360651
21176490931 585602064
25242888130 351055759
41443728441 79859880
7955853243 147317884
32437771590 650176452
33730407021 149177588
37291180530 239739633
12911577945 629887644
39214655994 73206440
30839001256 128006022
55296641496 193083118
52824806130 131302066
28368100898 542202925
22294230474 189098088
25859738041 95897901
52402126694 678056347
29422933736 18853146
46909526965 501722033
590834195 138794764
44657047225 626695112
16133465607 558992281
23232509948 656527287
54044187331 1607237
56607707183 38273489
44280266741 392155658
27778705242 606534512
18460860168 644754411
40028797413 313073632
1239164693 685470396
35223543447 20070941
6599214925 725388021
39949500370 269503918
34376056727 554716526
8899764302 492828787
19355469556 480980257
50391526004 122413219
54842244523 456104146
51690878890 59038804
32516957732 228440120
13418822897 47994487
2975397962 351904766
16370601742 590974442
54622753092 217384891
45692781299 55836654
25367804823 436310807
10878656403 62930482
27909319641 190148315
35090294073 620787198
43583656860 696334718
12786438124 635148336
46113735813 202423602
54752803393 594083269
21338481588 490421971
54066828768 632630246
49398052722 207037893
26679317054 692705242
12002139472 597565305
2616133333 15131381
44265632979 551303606
17554473141 662547424
53635665463 631086810
55267063809 333784802
12111955787 643558552
12617604795 525688805
20588329033 721575328
10009775854 423321444
46672081827 431204750
6101386910 70059579
50668277128 92973569
24418001560 141657068
24137242848 449800250
33551820077 205664399
54457192575 184273792
34075738083 792434619
33807057708 154640479
24455647117 284193153
18430644907 518617083
4818545725 425856140
52220950267 512602968
51993644251 143064611
42089295903 71420076
8894281237 191759981
13674602607 665496058
3529558643 510062699
48585195773 579618406
45332134726 751145721
49259273685 355084711
12891151321 830905513
20991227787 705881916
2815630391 596609808
23560693852 661441716
50820696652 842852175
29153124623 398310661
4456180155 361106579
43425017243 211965700
37507543976 417999088
23385561121 524280786
44583202707 515668063
36508538546 660629354
3248655289 29243583
7143657764 543626905
20562712877 592583019
44772074577 403001156
44650599422 127231133
4515763665 503377927
44759302247 281288392
53325154412 242060241
2354221670 884744460
31948071381 29876951
3052502695 724794827
36575189606 670912875
42873737827 110216410
9272680870 211094752
6917770678 298421532
10642969526 161969702
3317729681 666971319
34886943082 278675160
57036458284 435768204
30864383078 12270284
55194265292 331629884
30976591070 492990231
58490220049 277707174
43235619625 145573353
32429749436 150878697
20950821809 860905782
4393707410 309746551
40695121573 440253792
19391372029 708068962
38518389392 941541798
54948386566 238896790
21496938103 442068300
35374290074 944201474
11693140112 455699181
40738545706 289717312
3981860293 479717395
20787926127 56207047
19215070326 6921121
32264240755 482019222
39198055698 273721024
44072724458 827819908
54188378340 793183104
3005359450 635173236
56198785756 838761988
37267094798 833746347
10832586270 989861439
13190247809 603890332
40086978308 987243885
38047535894 86043005
35834327295 178327546
42377671952 983776187
2019070905 956593408
45739859928 123124865
54144771934 728068317
56575133866 436530903
48412720554 824742891
28579958801 13057330
37813786040 405964876
53389780208 196204373
53563786956 976076882
50103224780 144547689
28268599077 882629585
14452373965 446507074
18426845232 233092597
46760880134 43176409
26758607903 109159728
6544510698 668624575
43844775660 882298828
6805641607 28742220
36669585578 855180558
7738978869 7465094
38004811756 296632402
57638374064 471256929
9727766515 862425997
15383069082 754885726
55663442805 251741887
5094292966 626633349
15061652716 124677911
47616657413 855322083
4473346944 555593194
5054721543 618646620
28869230322 590555792
48635959573 163262293
8932642270 74277004
30210838827 340195807
47830833018 880519893
40993717473 936015746
24801989750 645334541
12250263167 490067035
25292242015 262330053
44720024294 88405709
31779542003 669481062
16209769035 574918546
35167147881 240458409
51887083995 179629568
8528132591 375940134
56190295298 981600533
41665608463 13684706
21802178248 221508702
29665691390 592059116
56033359498 5220169
24543010878 540939816
33790715594 64099130
50245094840 328432607
5526697032 216751121
44784157002 145187358
29374672944 844567700
54486676648 104379495
57051609679 843915163
7947227019 708405444
50539414567 279522051
22079466979 97547739
3234748656 910917001
15017481310 842448886
43100118312 401202912
13291236101 801318861
24197123695 899536936
40976111519 96736284
36300932617 426717731
40480758354 601194609
54678923474 409130827
10688247031 886862830
45109702333 889810399
29714929957 305888011
49857437678 814022210
32814710865 916272593
43076942677 79230517
18952710017 987719321
13222301821 300524211
4133724211 759315573
34032562026 200674089
531834076 950794776
18487201369 575351874
35701028965 539802253
26707445683 134739999
6006842455 921387376
56683678210 436190506
21436670917 783895258
40441923805 447768575
53808802595 222917802
16837462207 822364004
53177067988 986721363
23211637633 961860433
7436255388 920005970
10254547360 212713703
9177845567 205268894
58120063660 216218880
5238777582 94243118
33439608884 980983707
20748193600 212467970
19711772237 672782467
25225001737 489104856
26203687309 778566239
1647051088 350942578
51042681047 523277845
1511634731 540733930
32622552204 60390681
56099579125 444951314
55618179762 693521198
14333899906 610506964
16310033654 404029064
36179977443 926177672
34409442901 6254678
27887600640 277698280
10993125281 423154565
31182683802 851195108
47955633239 927060103
13046283834 134231847
5287276506 20661906
14574358066 739431135
18929861884 942102338
20550980346 707481546
30520705313 38804984
44237733599 469126367
9003089332 234306626
20322119489 34023214
40568214461 700213153
24133653673 949096497
11228246892 596398595
29763699725 200868307
20287128718 454855792
24331932289 38644696
13268796515 604498804
56672230290 227342290
45199924804 425071566
4627805866 745587198
9929185345 234815097
57106161861 547418535
55267380176 425206098
20309342790 937343774
9902537401 81315335
16417435776 984606879
13442307019 987924816
3318621030 675448372
2413720785 454819425
35490234196 505802929
25802405303 726585830
35239541570 861582767
15198663268 399122320
43282294777 84746798
44300122706 665520727
32103164584 943683640
49998625369 489086573
21021589901 688784152
3129453122 760436517
45740652355 952280784
19020243582 233960147
34899355183 171825560
3395053776 674891295
10528254148 147993149
6374665265 316990578
15604457226 482564775
54409978360 276541373
29555212101 837059099
16845026548 199406543
9628862086 550917833
16557915752 355731867
20777769424 88082965
41999213969 715365682
20284167244 331338762
42872618639 158456814
37361455485 792781919
44232065317 914309032
9583994274 684447276
48419514695 687856897
6775610160 414470447
18564099466 258761263
7456853310 229659749
17627724 669500525
48757289401 252811860
27374410500 627724512
33591124699 62455390
30912828206 475380573
50951060979 467711235
26924748866 804998505
30001719535 947759815
41396573264 712109400
2700576379 265732292
56836616834 497146357
1966041964 802858573
30658373862 681432490
30494630235 722524935
28966771043 313229585
43848335794 459992326
46278729610 292366371
30275687220 87718238
52256746685 302097008
41674981161 26992103
53955898132 598617601
18384738127 479107024
43592515111 192736351
24972854013 494159686
12920233970 110205359
56426951929 29791402
21280623329 499313840
53882042776 517956702
28307819505 434762770
54428161130 494905613
40028331685 430671934
57315575952 533881557
17641196786 202960568
19114138649 778799762
43591809245 696628913
3503050810 633227200
42175622864 964655261
46597622576 69486812
35759962903 438461387
46308668158 975371290
34240223644 493942268
47451308076 517984382
33151163678 521519245
505287508 686022702
10373561873 393913397
26832141116 476781319
25445737104 926922403
15729838773 313605127
33350588859 938263336
26349303512 827313146
29803279271 206326301
30889907771 788649878
14592537553 531544868
12540541548 140420651
43015360587 663664365
23408478092 812151354
5080605250 871758236
49559038555 519981335
4345779460 638552779
49085776487 472277977
27635898065 709728904
56896716759 365097772
38895035672 246585618
51639272226 449006997
44969595999 894656217
53158818094 365170778
17844043864 886755142
39379788518 235140779
36892786690 81633190
12182477451 105172723
14826851847 944929009
6588119492 783491890
45767927095 495790485
30036745249 899668027
35218065805 642443366
13446844640 657382793
19760655065 365292222
27750450120 903399709
48831513374 358381685
13660456756 320227532
12917818702 643273273
40845336686 568848925
46193112205 112086489
29099325273 790177821
36513309152 802561820
43415649715 378658789
43958608101 859726625
5916806831 134144143
34138239355 29111178
27027085704 973797543
28964326903 154218836
46418112170 587720043
25997969933 198039616
12128215212 273718249
10799482211 771837178
6078443261 282463324
23061715869 769165131
11284290901 988293282
31509291487 72082792
36294852166 183865762
39337314011 398374513
20715958540 738475969
36838423620 588769367
1667648045 913479125
