887 284967150021
97415004846 732736202
43386504813 141755351
12314205343 331260615
7514111070 796165884
36312637959 110879939
8377189113 730403698
12485883292 133289886
136200302142 158123513
9066848747 641290507
68190206696 955601218
133431503959 386024726
47417501468 272660459
33173244319 585578552
97792234645 313421161
112972712408 24694255
27604700494 479942906
90519861559 129563809
78095009496 543672423
127955893569 276586173
129948850727 934403034
132169533028 982480662
70884264483 992948617
113229447609 928819737
100160659015 538099569
124684826624 693362822
120456180656 998875471
51413932535 663827454
41969974547 484883200
80697831941 10792396
18999252564 547345649
44673795223 816011787
92783196287 474347278
105089973781 992938652
69797512302 856513061
64575453406 330163632
6213589232 527436896
116623593120 125410097
40289132461 346115781
8662037527 718311839
105866601477 163909460
36264672932 447445262
49400927778 897499273
43054090843 587304481
3434562839 528261012
114279985204 573093425
87619804832 382574149
44610144685 129693912
97337052869 947710978
41386581934 310664135
82227162201 332463937
77312978186 806419929
31674347942 247979016
115928406206 353343577
8760899809 688443617
139473248115 527810617
101004331510 527683083
64304495205 750781109
34437905397 147386943
1626695092 838216990
1309113904 829664622
71482409304 6304886
110522894008 172842885
107278604667 521659978
38133088732 5169107
49660939281 882284134
75001268312 21951944
130786863514 146183343
99587071430 310613070
79921498455 470894202
2749643530 778777391
93184877446 698751171
36709369709 492439859
57259215643 537016206
133325826795 764605047
80698485781 208576959
79909099039 766369327
99580147927 818202676
66469098374 818494492
106690309986 358370288
106548562971 97099632
126443875144 944469059
11063899551 775312489
120368208214 983005156
114468418225 975646080
113580234466 897431383
11930701119 160413421
21099272221 926334056
6198540256 588726340
79397856841 745837696
116097699221 177829398
17027546032 565850405
36470490559 194681242
138831888339 638226758
67193784640 837111058
109945579633 300091624
102856302317 759922729
78818269278 587098479
25344206298 19602507
50944175338 219221152
42503304303 159172891
66877472529 28541222
89609603672 419837943
124239530083 136594381
21295696191 852756726
50271138437 146297338
19624500783 854757930
87238694348 964999939
39707776567 782074145
81709312000 294617087
134020350596 894021908
78999901030 955260287
123295688190 206521516
113719357620 480135271
97173871614 63184310
141107342717 131289466
11778153719 808872824
124485983109 243082602
108814390157 90960833
134750917656 708653061
113198124243 421896078
100413695473 201103600
11678546824 821426067
56853359171 690662311
67144887523 874501246
7502964435 126917354
22202695945 875144817
72343616251 282354718
54309915552 694387174
142257780864 355422827
12246876231 26099165
52555916230 274518615
92851683658 334070300
37075533343 586718060
73293822332 304968785
83124415201 923442946
9603732654 379102632
69324150259 380588118
20646273731 157536213
115431868924 823723256
121120199103 199296906
101910663086 18882217
36709719522 746356531
32431152801 717923638
79948971052 992180885
114223071200 480604635
1469913147 746770380
104155959725 413574814
129705614249 155780327
39028213560 386447970
81398187262 917751467
60277685018 677454079
138596073063 357239010
65485168248 131090612
57310656576 88398727
33052549826 558262250
122664778923 527721590
43473519102 298901106
94306849861 619243784
103604380597 543280878
72120621705 481986769
88312824655 212830357
54633318508 903409085
1214626335 439079350
24978706825 709271158
24775800870 49984061
105627397877 898915284
50029758379 365380642
37120600936 621627318
70544032451 497907219
5183269197 520311488
72419326098 302332276
133019194564 264569069
13255796740 193269506
71951659969 348457757
43989257812 471356200
62722086116 828690897
25419195002 714660925
3840746405 93885443
25880276391 512365307
20551717197 368883540
15253649746 547924653
70022863267 916236997
114579903479 437060177
43682572214 226222431
102474409718 784645474
101979119201 979648315
24377805582 814624658
76564113637 186971739
66808767441 966908207
47289949875 705412075
40633579146 393843545
70927533994 824452591
27147925637 776113346
125348495826 943015349
104297977021 408244671
78695448536 156046828
18396339600 319717116
9833777575 100349020
22708040148 124593192
82337703132 152238022
110775122075 223102798
109205014654 292679672
48405235670 550268184
127803037413 600051442
48269916390 439145509
78184693252 381550854
80843680882 837271190
67220011261 582711270
110801997442 235567245
101011835808 605780653
41768659164 607496547
94323704537 399028642
113839941011 626306070
80985006982 754648736
121989611709 98537691
29175387415 55590339
28770900419 648178452
136689378674 984552519
19635079449 306109413
93115083944 995786747
53046447911 143215575
98552559087 205022860
112317795622 942242678
119485478930 502115427
18471399979 561433196
136447131911 551378995
8783155687 337164740
90011594071 80600083
88627100880 434277363
37414914193 170917267
127295803180 355711630
87104286565 549674182
111208316096 757859616
94356524116 160150310
6841408131 147047899
40965226983 891932309
52685031560 163069736
123355579396 56161963
78777002712 782666370
62435053314 583513539
98577421889 60799428
12887795157 286578306
86284545781 40675768
99375121756 103097681
90599037025 855016302
78527299241 107598848
126019506342 501097215
39332616838 603584845
107137880524 324724785
55278490245 59771045
67711554564 123128260
32625174512 441124837
123554367644 369986970
51253598582 646324974
28031771328 29383067
69414286501 842789371
134799566793 245946924
97899328679 678011376
61184862748 398241228
99732936501 587798068
121432567359 622000637
118288568971 694925819
128899382105 793635472
131705442385 999430270
89614936364 316072033
23409250337 888405181
113354943790 333458022
76470631905 43734553
114281167463 253365902
67941739171 210302262
33397953543 64434000
60119582615 179963131
42998050723 280481935
21958028484 841853554
7018224478 139541005
56062443005 17815716
105626597010 557446157
116878490720 298258054
94143681270 178506925
44366025909 237389132
127749041839 95112277
119526793196 4691647
114812561598 655878148
39462580362 101871069
24899837331 425494835
33572825071 223621552
67591782928 384739698
54049527610 585191088
89180887257 662878385
10353737665 697273524
101898047748 567738630
53111845278 587670810
112235999409 158905197
127907426695 914509454
38866890292 333877171
123225255303 748754120
80173803943 678797454
104969912541 927735541
98675729175 263730734
62180640749 239823193
106302479021 699647875
111664182377 681345870
13679581594 657126891
13784703684 827048115
33327196365 298866837
27761895489 792297935
20512521526 221615232
51829680166 134922304
90819575009 153770779
34879908640 917457030
60196882815 322822528
134808041400 966027303
104169144345 870836757
105804880463 739009205
54615740968 291564076
34528419512 461792371
78311615398 99999298
41021534267 482005219
106781200501 498928613
75584594065 774225916
1891932223 84130950
139141118505 390249272
6891649090 121556725
64143456692 914278918
137591095758 669233896
2412071366 163371610
83891693572 537534191
24832101820 71771730
54598563582 496586920
13632538151 520529953
32970129987 352295071
4568196802 755871630
133012473882 600162681
80185728966 449318069
104037496233 773575101
42982953443 767890853
43988377393 807246462
98028388173 380983818
89817396089 101057639
22745502571 535984050
123246042947 832282957
60845721746 752586002
107105371122 238953045
122243854561 444979487
17266352537 126611846
114411371225 517225980
19866284930 401183582
92200386990 632255230
61500028721 133304079
8892891529 993470591
86273394923 131046847
104937985230 961503726
65070848684 506726304
139946707622 129187564
106067490584 316642971
64731283809 67271338
9272125786 73675162
122160307899 522491279
117569297550 196542738
98210456735 617254150
55498801054 923850651
2923343654 500193818
15999081199 145480869
15566629340 979337249
116315857801 32111625
81422889933 800278456
32611808176 814710159
105049320233 451520177
98046779611 301522329
94084340114 5924731
4991171820 318173742
111906209547 131103639
9800546963 311813474
41868287988 701305448
57274465832 996424033
32156289859 616603617
21139752312 800539118
118338410891 754016931
124209138479 202698081
36382283205 580101960
7901110092 138354519
54439262042 971487712
96820811323 245958307
105069176502 682160909
15554771235 473646158
94517189252 838834337
75750919206 890883175
16144223133 308156365
38137718494 434583811
23320705783 90849597
58860979903 23405750
50147290536 832163912
13507846943 7007154
53044153335 598478066
39289090267 446114183
7059003831 661493672
80701067438 208449672
112616216903 374242785
90012566146 325539752
26202140747 359387054
119881717114 638930873
57278424247 824150682
10500552324 314057631
117554227324 710985496
100461308132 204538076
3819098429 45067479
135117122869 157801786
4099159277 317183009
132655748059 531732239
139574930190 235325187
28950332169 132029436
62744975948 50558338
56676852250 764923213
57929060641 44503006
73170386359 25203925
136992033991 449020540
75801590036 225299161
119368849283 253700229
122767590134 498688797
127532916933 263576520
129684683900 568485656
44080906716 228822600
21845526055 491726497
109992770324 555344156
128009459368 886517878
117090474231 470200057
96209438579 517839087
31809329018 516623394
98954068351 461501952
86404107959 653986552
101625771526 119776885
36490656464 875539376
96912491028 616962867
49453984265 998550850
74553791718 199594186
74904200580 263198675
55721364507 483490751
126054856114 401544378
6494726375 727191956
20426217903 203916385
117916975935 434412014
108883513939 899262754
1745139270 291740
117108939456 512716047
104288927449 776740284
107130059951 899693717
60971360685 720461242
132400123806 869293254
31589682018 103190845
114677524017 399802515
45156196162 769931271
117123395612 274947714
42547120846 64255963
14965926615 183563903
102773698834 747900588
102589847070 581819537
139614918558 833962762
86215604619 967739079
41566790680 796054975
6707000889 319076056
106968509906 855330222
100826043415 154365747
57552407897 259988917
8577582149 83119302
101621163794 219577053
69898545088 461539120
13841359472 837692191
97001859670 11066967
73712859649 330654079
112377441832 391789780
83191596842 602164734
88585207585 580611432
23267326857 24149413
39103912647 73325528
126048738848 130995584
54413621132 698167352
137497266939 719111853
103152420977 335206663
69436029494 719245596
66425931560 638671191
106837469242 540604836
45214991096 154750528
133910362942 779082737
689519841 284558285
99493529656 848633798
137118508896 537772561
42245426888 730487793
58075180570 225071790
12661878991 512261244
12631396711 907569301
136441709081 65935762
91653705791 232825937
65198504391 761305675
23729387033 698548183
54411716285 707182828
80699654562 825685406
121600007489 893934851
114514460367 383546921
97083881958 966851270
20730709226 731662735
136522552683 171474354
43492893290 720492739
50853882804 421494256
56939981638 249508507
130281675864 287251745
40558368255 194899190
128886258216 296272157
128111368997 662199905
6294299415 429579355
62397146086 625586546
23971722137 7824716
1195124696 582579524
104549925577 620400714
53595334944 639988815
58901830841 396930414
45422860252 124417255
107669969433 555658978
75150413602 580883895
75840570569 151374144
4686313705 34881313
119542593753 660655419
3101225625 952540409
10367660923 471367362
8701090480 142624454
12857875045 483427852
80668348426 753301981
27471798798 505252430
133382977955 301458904
12097556071 776914514
69357239226 917908420
72454144832 471114191
51230741187 924284989
82250651186 673944818
87115024234 607502458
35359839403 361615043
104642232250 366337925
54181574736 675734430
66342604146 810442746
1951000364 616316540
121380786899 562164176
127156118705 597829480
45878107486 613766828
106108982356 76634825
120603069991 302876015
36493426352 496869178
67655980000 10805495
38623825435 894374394
9802431687 433931490
14321660133 170137336
130340584460 506294127
84918565875 738947842
67554029314 102516892
137714898034 129511622
24163816153 426962849
44508405737 251220202
109802294691 206265821
82116123937 751403394
125055160938 715505362
79142145259 203000808
114014546921 917275988
85909609134 595743833
95414349609 677988724
58928854711 472431405
1738797537 674840782
30975681433 151360555
58800275513 441867853
135253348391 545965723
114782564998 400005297
109922699820 183025283
46972763177 155427048
106584792247 410976240
130189561592 250422006
113615742701 979363018
34996515524 894886237
128369196406 43582025
38743529703 22277888
101430332870 93108782
104582109539 227614025
124150265829 184151917
130701140433 634077308
90176462387 799480027
134190755023 195530401
13096465804 102707442
85018584118 546558728
45764979545 959586852
142472375913 561445685
101661276071 700387600
101970168433 926189686
79409647362 449469296
85662442602 454992917
13741396170 346476783
10125565776 471018904
100495199056 428468127
135904261424 60088952
97077560534 819854976
138194891812 49450428
78193340202 837274555
125645509826 224858726
78748897256 264038902
140494500050 799447071
139984635810 610140309
87430407224 61548820
90475021101 755445122
95926695658 462721167
66541456038 330687821
118896081144 615325851
2777851813 61604218
19725443034 685277391
116533661159 159581212
91987007216 307123744
102904019663 821135995
24529630460 713923127
3725275230 643415432
86058726715 89190903
93711055296 82927815
95974869364 49782551
123862258924 16977611
81958018947 684181930
20261628431 841471080
86107084379 475017207
36115266090 291624388
43364435181 255087893
39130837412 800455695
78257933 977696175
126358198460 717390589
51088167247 425428584
24275904068 591691502
104152885912 781524420
130029481437 768880757
126753325742 522027299
1237177645 183833263
18529989690 846004952
79766220819 782556653
31835134601 283123179
85012906394 505956886
130213873555 139141212
115794677974 802800501
61152432337 17021809
51699741064 450323880
75732949829 360442
75305505594 804464902
113444481557 799292204
25724558162 253565207
66999056482 269373639
129959795508 617244909
114790396556 577454421
76674528316 768913926
45943297056 359567015
121915607927 335639320
33244818048 179435699
70536098333 328168370
55338626587 796968893
60125792791 262191134
82064743871 203874762
8773177144 20100868
130163091992 802364286
106272366529 973140453
122756375243 400113795
91857717430 27815110
128773939810 41991563
15316008424 719303507
32174109894 323896363
63950524890 599201492
61769053581 605993571
16886637986 506085070
30331252987 949541916
18465754205 619926805
115605541257 142338166
101967589431 696009909
37088161778 936721048
93647610540 442392915
142409297247 870857849
18405313551 274893975
123980339481 186437060
108319538628 970823905
80897832734 669467760
27278310562 464000777
76064191354 854780475
104877276281 851937308
68263403012 503197581
3006298453 920380466
125066621522 257186642
26188319132 648471423
81756557791 417988345
30116580712 731976414
6327638548 975421946
78109022613 781161705
118548781306 875358431
91213426986 696933804
62593199002 41125877
48975614862 695713835
69497589064 486820609
120228496567 90603980
69541436561 254352417
1644858516 637340625
98859183091 864673639
97412179253 966651805
96162568597 236713284
35548734970 713537858
137986753935 840225261
52049762847 811341233
106650584093 562636313
137753016532 935035605
66980167869 937200475
11988295546 660150795
131841439577 951321864
65962559520 844236734
37878553239 851789647
32745071350 30226068
136088605946 763085504
33783300446 730531459
104824998699 532516801
49082821178 729215129
47484651675 684848461
42545046189 619175482
139463789431 448001046
45817596378 389482210
59665716880 6812545
61514219649 158519388
100642868170 655688303
34881527179 751794607
25486252537 30453838
5817781128 984613488
114217678138 101582506
141570807284 467133028
91169505617 960243728
141540134412 783381159
10744024539 331792696
140610197020 589364940
22708954865 277591735
49963124932 320166713
71222602595 862962587
82725358679 968293694
22084107954 826598966
7146715962 103519426
44583726391 267652887
90704012122 847248867
81521215699 51684191
23347864335 120174330
33540518818 817944840
115093645593 475916951
12406011450 370330517
69841169744 689506870
142465655787 743286244
122942652753 792757439
58888787926 831868327
32317882285 448367589
104023758723 966384275
48066406071 331368338
11887108027 288368841
131153948619 394736739
77479945510 593103346
140087392915 120821058
34424470979 923935570
81754872191 408405993
51617130374 774421569
20678970301 328598742
7954581636 690208208
46886287706 223083125
23236457597 366590853
10961764416 301487788
870346965 472291707
69512886963 226692008
71708729314 627534958
27899612721 346364874
64342109290 332038381
105879821863 683932416
69221794660 708656461
92405764774 183181930
90636758308 822097299
25433342478 973733642
103552322423 248421553
52855151017 101121336
68886490236 485525863
73566944524 89238190
98513893160 221242350
91835998440 389926647
83563206925 521257855
2219623042 571406757
12622421317 349232745
122537021098 785020155
81185278430 481587844
90182525718 168734316
19371071919 811868966
98042434702 256977824
6068589421 392997957
104577195669 701575007
5053886859 327976720
84948998684 724255992
714813238 183136604
8428062723 687087767
109705386530 955699279
106049678583 161435128
23499611301 291402223
44871969167 691363087
57585640810 391077119
129664351073 545077183
91487332364 592437651
72239959345 671800761
84632991543 321569171
85687067328 953296751
96326169295 472895998
27606962684 491146324
39492878740 891085407
131681090486 663844070
74538524100 293687340
60668630936 169544726
49476395944 460467759
99103106242 789263428
69187069114 142632212
34726389968 25721228
126573467026 875821376
66470307654 799420954
22402537792 506594133
62357193626 868538813
21941736244 655001151
12737019537 932940826
40504299863 961866184
140346258974 287720200
5557497855 760883931
125178209234 850212842
18027649585 652916700
117212652326 494221760
133294418784 720874125
88235850148 609192995
96989020578 501451147
66392671471 573049329
102114745978 447447902
56314249433 895337165
38669055027 732404418
40252090028 883404343
53384817146 221188678
39515902271 788467100
131219873062 770305072
58852600012 391797152
30800736236 377294157
30404428411 490029390
12904052923 879977487
126310571834 841353460
115221287878 732966715
25161361148 141875411
57046821940 326304376
42801680956 876337793
31949005934 922224104
36897790513 758937058
37612082273 696644135
134985162522 423371081
128661376219 259896115
81069791662 108191914
119320217702 279846772
50288223689 218057650
112408954750 880260270
37615577785 641612804
133571632462 257014305
17187089397 65582641
66566234361 353723297
37825844295 472333626
21108896943 969549699
63863068168 361245089
123349627067 490820277
25115223304 744430594
13456185770 279818505
48642149333 776838835
53724284021 886929898
103837728471 874767725
85392666918 967158261
130782205818 403503101
29095783465 659028919
130388848165 516757997
102356495710 636157660
53328272159 163631099
67450324319 469082300
38564733855 752156639
21941160636 275058820
55977969129 976712198
86722909884 947773807
141996046221 972653382
6315772370 661475247
104939505950 330429633
132539447984 534247765
43166883524 504814174
26539968057 47843661
125939610379 864526400
108555366060 193343279
139279180263 781293068
84172089139 653592552
91595160630 504172885
